Example water balance parameters.

&watcontrol
keepwet = 0
simtsoil = 1
simsoilevap = 1
reassignrain = 0
wsoilmethod = 1
retfunction = 3
equaluptake = 0
usemeaset = 0
usemeassw = 0
usestand = 0
/

Throughfall = 1.0 : irrigation is to soil surface
&wattfall
rutterb = 3.7
rutterd = 0.002
maxstorage = 0.66
throughfall = 0.9096082
/

&watinfilt
expinf = 0
/

&rootpars
datesroot = '01/03/10' '01/07/10' '01/01/11' '01/05/11' '01/05/12' '01/01/13' '01/07/14' 
nodatesroot = 7
rootresfrac = 0.4	! non utilisé dans les calcul
rootrad = 0.0003528 0.0003528 0.0003528 0.0003528 0.000202 0.000202 0.000202 
rootsrl = 26.73384 26.73384 26.73384 26.73384 26.73384 19.81771 19.81771 
rootmasstot = 40 202.2485 320.6233 450 717.3805 789.0598 789.0598 
nrootlayer = 18
fracroot = 0.85 0.12 0.03 0 0 0 0 0 0 0 0 0 0 0 0 0 0 0 0.36205533 0.168083 0.11501976 0.21047431 0.08715415 0.05721344 0 0 0 0 0 0 0 0 0 0 0 0 0.088878806 0.046804148 0.033570901 0.378808867 0.289086317 0.091464171 0.054907787 0.016479003 0 0 0 0 0 0 0 0 0 0 0.0883526725936841 0.0465270827813588 0.0333721722671205 0.376566442641403 0.287375020735708 0.0909227330800971 0.0545827508940066 0.0163814527023387 0.003728025891013 0.000994080327695717 0.000994080327695717 0.000203485757878494 0 0 0 0 0 0 0.3351084213 0.078516523 0.0618521646 0.1823161729 0.0846190036 0.0884476762 0.0410756817 0.0450842406 0.0349457855 0.0440794071 0.003750226 0.001 0.001 0.0002046975 0 0 0 0 0.2280433054 0.0811693747 0.0487805613 0.3604860727 0.1378598244 0.0461633655 0.0343671302 0.0206217255 0.0365990318 0.002153207 0.0015990053 0.0008588629 0.0006629608 0.0002328412 9.999e-05 0.0003027414 0 0 0.227952124527394 0.0811369199239168 0.0487610568723749 0.36034193588961 0.137804702505217 0.0461449075323726 0.0343533888410283 0.0206134801058963 0.0365843980371267 0.00215234606136022 0.00159836595345878 0.000858519492117301 0.000662695721645073 0.000232748100736431 9.99500199820122e-05 0.000302620351829006 0.000199920031967221 0.000199920031967221 
RFPAR1 = 16.6121642272814
RFPAR2 = 0.00201501094992454
RFPAR3 = 1.5882695950893
RFAGEBEGIN = 60
ROOTFRONTLIMIT = 1
/


&plantpars
nodateskp = 1
dateskp = '01/01/10'
minrootwp = -1.6
minleafwp = -2.0! non utilisé avec le modèle de Tuzet
plantk = 1.26
/

Sandy soil
&soilret
bpar = 4.26
psie = -0.000355816
ksat = 751.366010241119 892.600222692457 559.287481307299 559.287481307299 112.987369961071 100 67 50 29 13 
alpha = 1000 3823.0828 697.9191 580.4541 334.5216 260.3691 263.6157 257.4567 249.3454 242.5706 234.6043 229.5792 
ws = 0.355 0.322 0.317 0.317 0.34 0.34 0.34 0.34 0.34 0.34 0.34 0.34 
wr = 0.06935 0.0716 0.0727 0.0809 0.1005 0.1108 0.1091 0.1121 0.1171 0.1213 0.1271 0.135 
n = 1.732734 1.720042 1.694178 1.856179 2.230222 2.093704 2.059673 2.126852 2.235824 2.356167 2.566381 2.798672 
/
alpha = 274 600 697.9191 580.4541 334.5216 260.3691 263.6157 257.4567 249.3454 242.5706 234.6043 229.5792 
ws = 0.355 0.322 0.317 0.317 0.34 0.34 0.34 0.34 0.34 0.34 0.34 0.34 
wr = 0.06935 0.0716 0.0727 0.0809 0.1005 0.1108 0.1091 0.1121 0.1171 0.1213 0.1271 0.135 
n = 3.1 2.1548 1.694178 1.856179 2.230222 2.093704 2.059673 2.126852 2.235824 2.356167 2.566381 2.798672 

&laypars
nlayer = 20
laythick = 0.33 0.33 0.33 1 1 1 1 1 1 1 1 1 1 1 
porefrac = 0.355 0.322 0.317 0.317 0.34 0.34 0.34 0.34 0.34 0.34 0.34 0.34  
drainlimit = 0
fracorganic = 0.15543 0.006908 0.0065626 0.0046629 0.0031086 0.0031086 0.0031086 0.0031086 0.0031086 0.0031086 0.0031086 0.0031086 0.0031086 0.0031086 
iwattablayer = 20
isimwattab = 1
platdrain = 0.0005
/

&initpars
initwater = 0.15035 0.1532 0.1541 0.1623333335 0.184 0.197333333 0.1931666665 0.1926666665 0.1981666665 0.18925 0.1585833335 0.1398333335 
soiltemp = 24.27 24.285 
/

&soiletpars
drythickmin = 0.001
tortpar = 2
/

